0, 0,  39
0, 1,  39
0, 2,  39
0, 3,  39
0, 4,  39
0, 5,  39
0, 6,  39
0, 7,  40
0, 8,  40
0, 9,  40
0, 10, 40
0, 11, 40
0, 12, 40
0, 13, 40
0, 14, 41
0, 15, 41
0, 16, 41
0, 17, 41
0, 18, 41
0, 19, 41
0, 20, 41
0, 21, 54
0, 22, 54
0, 23, 54
0, 24, 54
0, 25, 54
0, 26, 54
0, 27, 54
0, 28, 55
0, 29, 55
0, 30, 55
0, 31, 55
0, 32, 55
0, 33, 55
0, 34, 55
0, 35, 56
0, 36, 56
0, 37, 56
0, 38, 56
0, 39, 56
0, 40, 56
0, 41, 56
1, 0,  37
1, 1,  37
1, 2,  38
1, 3,  38
1, 4,  38
1, 5,  28
1, 6,  28
1, 7,  27
1, 8,  27
1, 9,  26
1, 10, 26
1, 11, 26
1, 12, 25
1, 13, 25
1, 14, 24
1, 15, 24
1, 16, 42
1, 17, 42
1, 18, 42
1, 19, 43
1, 20, 43
1, 21, 52
1, 22, 52
1, 23, 53
1, 24, 53
1, 25, 53
1, 26, 71
1, 27, 71
1, 28, 70
1, 29, 70
1, 30, 69
1, 31, 69
1, 32, 69
1, 33, 68
1, 34, 68
1, 35, 67
1, 36, 67
1, 37, 57
1, 38, 57
1, 39, 57
1, 40, 58
1, 41, 58
2, 0,  
2, 1,  
2, 2,  
2, 3,  
2, 4,  
2, 5,  
2, 6,  
2, 7,  
2, 8,  
2, 9,  
2, 10, 
2, 11, 
2, 12, 
2, 13, 
2, 14, 
2, 15, 
2, 16, 
2, 17, 
2, 18, 
2, 19, 
2, 20, 
2, 21, 
2, 22, 
2, 23, 
2, 24, 
2, 25, 
2, 26, 
2, 27, 
2, 28, 
2, 29, 
2, 30, 
2, 31, 
2, 32, 
2, 33, 
2, 34, 
2, 35, 
2, 36, 
2, 37, 
2, 38, 
2, 39, 
2, 40, 
2, 41, 
3, 0,  
3, 1,  
3, 2,  
3, 3,  
3, 4,  
3, 5,  
3, 6,  
3, 7,  
3, 8,  
3, 9,  
3, 10, 
3, 11, 
3, 12, 
3, 13, 
3, 14, 
3, 15, 
3, 16, 
3, 17, 
3, 18, 
3, 19, 
3, 20, 
3, 21, 
3, 22, 
3, 23, 
3, 24, 
3, 25, 
3, 26, 
3, 27, 
3, 28, 
3, 29, 
3, 30, 
3, 31, 
3, 32, 
3, 33, 
3, 34, 
3, 35, 
3, 36, 
3, 37, 
3, 38, 
3, 39, 
3, 40, 
3, 41, 